name: smithHunterB_env
channels:
  - tsnyder
  - genomedk
  - conda-forge
  - bioconda
  - r
  - defaults
dependencies:
  - _libgcc_mutex=0.1=conda_forge
  - _openmp_mutex=4.5=2_gnu
  - bedtools=2.31.0=hf5e1c6e_3
  - blast=2.13.0=hf3cf87c_0
  - bzip2=1.0.8=h7f98852_4
  - c-ares=1.18.1=h7f98852_0
  - ca-certificates=2023.11.17=hbcca054_0
  - curl=7.88.1=hdc1c0ab_1
  - emboss=6.6.0=h86d058a_5
  - entrez-direct=16.2=he881be0_1
  - expat=2.5.0=hcb278e6_1
  - font-ttf-dejavu-sans-mono=2.37=hab24e00_0
  - font-ttf-inconsolata=3.000=h77eed37_0
  - font-ttf-source-code-pro=2.038=h77eed37_0
  - font-ttf-ubuntu=0.83=hab24e00_0
  - fontconfig=2.14.2=h14ed4e7_0
  - fonts-conda-ecosystem=1=0
  - fonts-conda-forge=1=0
  - freetype=2.12.1=hca18f0e_1
  - gettext=0.21.1=h27087fc_0
  - giflib=5.2.1=h0b41bf4_3
  - icu=72.1=hcb278e6_0
  - keyutils=1.6.1=h166bdaf_0
  - krb5=1.20.1=h81ceb04_0
  - lerc=4.0.0=h27087fc_0
  - libcurl=7.88.1=hdc1c0ab_1
  - libdeflate=1.18=h0b41bf4_0
  - libedit=3.1.20191231=he28a2e2_2
  - libev=4.33=h516909a_1
  - libexpat=2.5.0=hcb278e6_1
  - libgcc-ng=12.2.0=h65d4601_19
  - libgd=2.3.3=hfa28ad5_6
  - libgomp=12.2.0=h65d4601_19
  - libidn2=2.3.4=h166bdaf_0
  - libjpeg-turbo=2.1.5.1=h0b41bf4_0
  - libnghttp2=1.52.0=h61bc06f_0
  - libnsl=2.0.0=h7f98852_0
  - libpng=1.6.39=h753d276_0
  - libssh2=1.10.0=hf14f497_3
  - libstdcxx-ng=12.2.0=h46fd767_19
  - libtiff=4.5.0=ha587672_6
  - libunistring=0.9.10=h7f98852_0
  - libuuid=2.38.1=h0b41bf4_0
  - libwebp=1.3.0=hb47c5f0_0
  - libwebp-base=1.3.0=h0b41bf4_0
  - libzlib=1.2.13=h166bdaf_4
  - ncurses=6.3=h27087fc_1
  - openssl=3.2.0=hd590300_1
  - pcre=8.45=h9c3ff4c_0
  - perl=5.32.1=2_h7f98852_perl5
  - perl-archive-tar=2.40=pl5321hdfd78af_0
  - perl-carp=1.38=pl5321hdfd78af_4
  - perl-common-sense=3.75=pl5321hdfd78af_0
  - perl-compress-raw-bzip2=2.201=pl5321h87f3376_1
  - perl-compress-raw-zlib=2.105=pl5321h87f3376_0
  - perl-encode=3.19=pl5321hec16e2b_1
  - perl-exporter=5.72=pl5321hdfd78af_2
  - perl-exporter-tiny=1.002002=pl5321hdfd78af_0
  - perl-extutils-makemaker=7.70=pl5321hd8ed1ab_0
  - perl-io-compress=2.201=pl5321h87f3376_0
  - perl-io-zlib=1.14=pl5321hdfd78af_0
  - perl-json=4.10=pl5321hdfd78af_0
  - perl-json-xs=2.34=pl5321h9f5acd7_5
  - perl-list-moreutils=0.430=pl5321hdfd78af_0
  - perl-list-moreutils-xs=0.430=pl5321hec16e2b_1
  - perl-parent=0.236=pl5321hdfd78af_2
  - perl-pathtools=3.75=pl5321hec16e2b_3
  - perl-scalar-list-utils=1.62=pl5321hec16e2b_1
  - perl-types-serialiser=1.01=pl5321hdfd78af_0
  - python_abi=3.10=3_cp310
  - rnahybrid=2.1.2=h9bf148f_0
  - tre=0.8.0.1=h516909a_0
  - viennarna=2.3.3=hfc679d8_2
  - wget=1.20.3=ha35d2d1_1
  - xz=5.2.6=h166bdaf_0
  - zlib=1.2.13=h166bdaf_4
  - zstd=1.5.2=h3eb15da_6
prefix: /home/gm/miniconda3/envs/smithHunterB_env
